0.08 0.08 0.08 0.08 0.08 0.08 0.00 0.00 0.00 0.00 0.08 0.00 0.00 0.00 0.08 0.00 0.00 0.08 0.08 0.08 0.08 0.00 0.00 0.00 0.08 0.00 0.00 0.00
0.08 0.08 0.08 0.08 0.08 0.08 0.00 0.00 0.00 0.00 0.08 0.00 0.00 0.00 0.08 0.00 0.00 0.08 0.08 0.08 0.08 0.00 0.00 0.00 0.08 0.00 0.00 0.00
0.08 0.08 0.08 0.08 0.08 0.08 0.00 0.00 0.00 0.00 0.08 0.00 0.00 0.00 0.08 0.00 0.00 0.08 0.08 0.08 0.08 0.00 0.00 0.00 0.08 0.00 0.00 0.00
0.08 0.08 0.08 0.08 0.08 0.08 0.00 0.00 0.00 0.00 0.08 0.00 0.00 0.00 0.08 0.00 0.00 0.08 0.08 0.08 0.08 0.00 0.00 0.00 0.08 0.00 0.00 0.00
0.08 0.08 0.08 0.08 0.08 0.08 0.00 0.00 0.00 0.00 0.08 0.00 0.00 0.00 0.08 0.00 0.00 0.08 0.08 0.08 0.08 0.00 0.00 0.00 0.08 0.00 0.00 0.00
0.08 0.08 0.08 0.08 0.08 0.08 0.00 0.00 0.00 0.00 0.08 0.00 0.00 0.00 0.08 0.00 0.00 0.08 0.08 0.08 0.08 0.00 0.00 0.00 0.08 0.00 0.00 0.00
0.00 0.00 0.00 0.00 0.00 0.00 0.17 0.17 0.00 0.17 0.00 0.00 0.00 0.17 0.00 0.00 0.17 0.00 0.00 0.00 0.00 0.00 0.00 0.00 0.00 0.00 0.00 0.17
0.00 0.00 0.00 0.00 0.00 0.00 0.17 0.17 0.00 0.17 0.00 0.00 0.00 0.17 0.00 0.00 0.17 0.00 0.00 0.00 0.00 0.00 0.00 0.00 0.00 0.00 0.00 0.17
0.00 0.00 0.00 0.00 0.00 0.00 0.00 0.00 0.50 0.00 0.00 0.00 0.00 0.00 0.00 0.00 0.00 0.00 0.00 0.00 0.00 0.00 0.00 0.00 0.00 0.00 0.50 0.00
0.00 0.00 0.00 0.00 0.00 0.00 0.17 0.17 0.00 0.17 0.00 0.00 0.00 0.17 0.00 0.00 0.17 0.00 0.00 0.00 0.00 0.00 0.00 0.00 0.00 0.00 0.00 0.17
0.08 0.08 0.08 0.08 0.08 0.08 0.00 0.00 0.00 0.00 0.08 0.00 0.00 0.00 0.08 0.00 0.00 0.08 0.08 0.08 0.08 0.00 0.00 0.00 0.08 0.00 0.00 0.00
0.00 0.00 0.00 0.00 0.00 0.00 0.00 0.00 0.00 0.00 0.00 0.20 0.20 0.00 0.00 0.20 0.00 0.00 0.00 0.00 0.00 0.20 0.00 0.20 0.00 0.00 0.00 0.00
0.00 0.00 0.00 0.00 0.00 0.00 0.00 0.00 0.00 0.00 0.00 0.20 0.20 0.00 0.00 0.20 0.00 0.00 0.00 0.00 0.00 0.20 0.00 0.20 0.00 0.00 0.00 0.00
0.00 0.00 0.00 0.00 0.00 0.00 0.17 0.17 0.00 0.17 0.00 0.00 0.00 0.17 0.00 0.00 0.17 0.00 0.00 0.00 0.00 0.00 0.00 0.00 0.00 0.00 0.00 0.17
0.08 0.08 0.08 0.08 0.08 0.08 0.00 0.00 0.00 0.00 0.08 0.00 0.00 0.00 0.08 0.00 0.00 0.08 0.08 0.08 0.08 0.00 0.00 0.00 0.08 0.00 0.00 0.00
0.00 0.00 0.00 0.00 0.00 0.00 0.00 0.00 0.00 0.00 0.00 0.20 0.20 0.00 0.00 0.20 0.00 0.00 0.00 0.00 0.00 0.20 0.00 0.20 0.00 0.00 0.00 0.00
0.00 0.00 0.00 0.00 0.00 0.00 0.17 0.17 0.00 0.17 0.00 0.00 0.00 0.17 0.00 0.00 0.17 0.00 0.00 0.00 0.00 0.00 0.00 0.00 0.00 0.00 0.00 0.17
0.08 0.08 0.08 0.08 0.08 0.08 0.00 0.00 0.00 0.00 0.08 0.00 0.00 0.00 0.08 0.00 0.00 0.08 0.08 0.08 0.08 0.00 0.00 0.00 0.08 0.00 0.00 0.00
0.08 0.08 0.08 0.08 0.08 0.08 0.00 0.00 0.00 0.00 0.08 0.00 0.00 0.00 0.08 0.00 0.00 0.08 0.08 0.08 0.08 0.00 0.00 0.00 0.08 0.00 0.00 0.00
0.08 0.08 0.08 0.08 0.08 0.08 0.00 0.00 0.00 0.00 0.08 0.00 0.00 0.00 0.08 0.00 0.00 0.08 0.08 0.08 0.08 0.00 0.00 0.00 0.08 0.00 0.00 0.00
0.08 0.08 0.08 0.08 0.08 0.08 0.00 0.00 0.00 0.00 0.08 0.00 0.00 0.00 0.08 0.00 0.00 0.08 0.08 0.08 0.08 0.00 0.00 0.00 0.08 0.00 0.00 0.00
0.00 0.00 0.00 0.00 0.00 0.00 0.00 0.00 0.00 0.00 0.00 0.20 0.20 0.00 0.00 0.20 0.00 0.00 0.00 0.00 0.00 0.20 0.00 0.20 0.00 0.00 0.00 0.00
0.00 0.00 0.00 0.00 0.00 0.00 0.00 0.00 0.00 0.00 0.00 0.00 0.00 0.00 0.00 0.00 0.00 0.00 0.00 0.00 0.00 0.00 1.00 0.00 0.00 0.00 0.00 0.00
0.00 0.00 0.00 0.00 0.00 0.00 0.00 0.00 0.00 0.00 0.00 0.20 0.20 0.00 0.00 0.20 0.00 0.00 0.00 0.00 0.00 0.20 0.00 0.20 0.00 0.00 0.00 0.00
0.08 0.08 0.08 0.08 0.08 0.08 0.00 0.00 0.00 0.00 0.08 0.00 0.00 0.00 0.08 0.00 0.00 0.08 0.08 0.08 0.08 0.00 0.00 0.00 0.08 0.00 0.00 0.00
0.00 0.00 0.00 0.00 0.00 0.00 0.00 0.00 0.00 0.00 0.00 0.00 0.00 0.00 0.00 0.00 0.00 0.00 0.00 0.00 0.00 0.00 0.00 0.00 0.00 1.00 0.00 0.00
0.00 0.00 0.00 0.00 0.00 0.00 0.00 0.00 0.50 0.00 0.00 0.00 0.00 0.00 0.00 0.00 0.00 0.00 0.00 0.00 0.00 0.00 0.00 0.00 0.00 0.00 0.50 0.00
0.00 0.00 0.00 0.00 0.00 0.00 0.17 0.17 0.00 0.17 0.00 0.00 0.00 0.17 0.00 0.00 0.17 0.00 0.00 0.00 0.00 0.00 0.00 0.00 0.00 0.00 0.00 0.17
